# Opmerking: door stationsverplaatsingen en veranderingen in waarneemmethodieken zijn deze tijdreeksen van uurwaarden mogelijk inhomogeen! Dat betekent dat deze reeks van gemeten waarden niet geschikt is voor trendanalyse. Voor studies naar klimaatverandering verwijzen we naar de gehomogeniseerde dagreeksen <http://www.knmi.nl/nederland-nu/klimatologie/daggegevens> of de Centraal Nederland Temperatuur <http://www.knmi.nl/kennis-en-datacentrum/achtergrond/centraal-nederland-temperatuur-cnt>.
# SOURCE: ROYAL NETHERLANDS METEOROLOGICAL INSTITUTE (KNMI)
# Comment: These time series are inhomogeneous because of station relocations and changes in observation techniques. As a result these series are not suitable for trend analysis. For climate change studies we refer to the homogenized series of daily data <http://www.knmi.nl/nederland-nu/klimatologie/daggegevens> or the Central Netherlands Temperature <http://www.knmi.nl/kennis-en-datacentrum/achtergrond/centraal-nederland-temperatuur-cnt>.
# STN         LON(east)   LAT(north)  ALT(m)      NAME
# 260         5.180       52.100      1.90        De Bilt     
# TX        : Maximum temperatuur (in 0.1 graden Celsius) / Maximum temperature (in 0.1 degrees Celsius)
# RH        : Etmaalsom van de neerslag (in 0.1 mm) (-1 voor <0.05 mm) / Daily precipitation amount (in 0.1 mm) (-1 for <0.05 mm)
# STN,YYYYMMDD,   TX,   RH
  260,20230102,  128,   38
  260,20230103,   91,   13
  260,20230104,  128,  125
  260,20230105,  120,    8
  260,20230106,  117,   17
  260,20230107,  117,   40
  260,20230108,  101,    4
  260,20230109,   88,   36
  260,20230110,  104,   65
  260,20230111,  116,   61
  260,20230112,  114,  400
  260,20230113,   98,   39
  260,20230114,  115,  155
  260,20230115,   78,   20
  260,20230116,   54,  110
  260,20230117,   48,   11
  260,20230118,   51,   49
  260,20230119,   62,   64
  260,20230120,   15,   80
  260,20230121,    1,    0
  260,20230122,   15,    0
  260,20230123,   41,   -1
  260,20230124,   31,    0
  260,20230125,    3,   -1
  260,20230126,   81,    5
  260,20230127,   54,    0
  260,20230128,   62,    0
  260,20230129,   66,   -1
  260,20230130,   86,   23
  260,20230131,   97,   -1
  260,20230201,   90,   10
  260,20230202,   94,   28
  260,20230203,  107,    1
  260,20230204,   99,    1
  260,20230205,   83,   11
  260,20230206,   86,    0
  260,20230207,   59,    0
  260,20230208,   67,    0
  260,20230209,   53,    0
  260,20230210,   80,   -1
  260,20230211,  104,    0
  260,20230212,   84,    0
  260,20230213,  115,    0
  260,20230214,  122,    0
  260,20230215,  112,    0
  260,20230216,  110,   24
  260,20230217,  119,    1
  260,20230218,  123,   49
  260,20230219,  100,   15
  260,20230220,   92,    0
  260,20230221,   88,   -1
  260,20230222,   95,    8
  260,20230223,   92,   11
  260,20230224,   82,   28
  260,20230225,   72,   24
  260,20230226,   65,   -1
  260,20230227,   73,    0
  260,20230228,   68,    1
  260,20230301,   78,    0
  260,20230302,   89,    0
  260,20230303,   79,    0
  260,20230304,   78,    3
  260,20230305,   64,    3
  260,20230306,   68,   31
  260,20230307,   51,   59
  260,20230308,   30,   22
  260,20230309,   25,  114
  260,20230310,   26,  144
  260,20230311,   71,    0
  260,20230312,  116,   15
  260,20230313,  166,   51
  260,20230314,  108,   86
  260,20230315,   88,   -1
  260,20230316,  141,    2
  260,20230317,  164,    0
  260,20230318,  154,    6
  260,20230319,  126,    0
  260,20230320,   97,   31
  260,20230321,  133,   20
  260,20230322,  120,   19
  260,20230323,  153,  119
  260,20230324,  140,   17
  260,20230325,  126,   67
  260,20230326,   91,   59
  260,20230327,   81,   14
  260,20230328,   89,    4
  260,20230329,  142,   -1
  260,20230330,  154,    1
  260,20230331,  130,  119
  260,20230401,  117,  132
  260,20230402,  100,    0
  260,20230403,   98,    0
  260,20230404,  109,    0
  260,20230405,  116,    0
  260,20230406,   88,   62
  260,20230407,  102,    1
  260,20230408,  141,    0
  260,20230409,  156,    0
  260,20230410,  151,   62
  260,20230411,  133,    3
  260,20230412,  124,   82
  260,20230413,  125,   49
  260,20230414,  152,   -1
  260,20230415,  131,    1
  260,20230416,  109,    0
  260,20230417,  155,    0
  260,20230418,  139,    0
  260,20230419,  150,    0
  260,20230420,  121,    6
  260,20230421,  162,   58
  260,20230422,  172,   30
  260,20230423,  169,   52
  260,20230424,  109,  113
  260,20230425,  107,    3
  260,20230426,  103,   -1
  260,20230427,  133,    0
  260,20230428,  136,   17
  260,20230429,  159,   -1
  260,20230430,  179,    0
  260,20230501,  170,    1
  260,20230502,  128,   -1
  260,20230503,  156,    0
  260,20230504,  221,    0
  260,20230505,  188,  106
  260,20230506,  206,    4
  260,20230507,  212,  166
  260,20230508,  201,    0
  260,20230509,  149,  136
  260,20230510,  159,   95
  260,20230511,  165,   15
  260,20230512,  220,   34
  260,20230513,  222,    0
  260,20230514,  200,    0
  260,20230515,  150,   -1
  260,20230516,  152,   -1
  260,20230517,  142,    0
  260,20230518,  155,    0
  260,20230519,  192,    0
  260,20230520,  202,    0
  260,20230521,  214,    0
  260,20230522,  243,   -1
  260,20230523,  155,    0
  260,20230524,  163,    0
  260,20230525,  172,    0
  260,20230526,  182,    0
  260,20230527,  221,    0
  260,20230528,  218,    0
  260,20230529,  177,    0
  260,20230530,  162,    0
  260,20230531,  224,    0
  260,20230601,  165,    0
  260,20230602,  186,    0
  260,20230603,  219,    0
  260,20230604,  218,    0
  260,20230605,  200,    0
  260,20230606,  219,    0
  260,20230607,  224,    0
  260,20230608,  247,    0
  260,20230609,  291,    0
  260,20230610,  298,    0
  260,20230611,  303,    0
  260,20230612,  299,    0
  260,20230613,  275,    0
  260,20230614,  254,    0
  260,20230615,  261,    0
  260,20230616,  265,    0
  260,20230617,  276,    0
  260,20230618,  251,   -1
  260,20230619,  257,    0
  260,20230620,  296,   70
  260,20230621,  257,    0
  260,20230622,  242,   37
  260,20230623,  256,    0
  260,20230624,  283,    0
  260,20230625,  313,    0
  260,20230626,  228,    0
  260,20230627,  222,    9
  260,20230628,  218,   20
  260,20230629,  235,    7
  260,20230630,  229,    0
  260,20230701,  198,   40
  260,20230702,  208,    0
  260,20230703,  197,   78
  260,20230704,  213,   33
  260,20230705,  189,  254
  260,20230706,  220,    2
  260,20230707,  273,    0
  260,20230708,  322,    0
  260,20230709,  296,   24
  260,20230710,  254,    0
  260,20230711,  279,   36
  260,20230712,  226,   24
  260,20230713,  218,   23
  260,20230714,  230,   -1
  260,20230715,  262,   13
  260,20230716,  226,   -1
  260,20230717,  206,   62
  260,20230718,  238,   -1
  260,20230719,  214,   11
  260,20230720,  216,    0
  260,20230721,  211,    9
  260,20230722,  195,   62
  260,20230723,  229,    8
  260,20230724,  214,   43
  260,20230725,  197,   -1
  260,20230726,  207,   52
  260,20230727,  190,  141
  260,20230728,  238,   10
  260,20230729,  227,   19
  260,20230730,  212,  126
  260,20230731,  187,  141
  260,20230801,  205,   53
  260,20230802,  227,  170
  260,20230803,  202,   46
  260,20230804,  203,    1
  260,20230805,  186,   26
  260,20230806,  158,  148
  260,20230807,  186,   25
  260,20230808,  189,   25
  260,20230809,  210,    0
  260,20230810,  238,    0
  260,20230811,  275,   -1
  260,20230812,  235,  198
  260,20230813,  223,    2
  260,20230814,  261,    0
  260,20230815,  241,   -1
  260,20230816,  239,    0
  260,20230817,  203,    0
  260,20230818,  268,    0
  260,20230819,  264,   -1
  260,20230820,  260,    0
  260,20230821,  264,    0
  260,20230822,  240,    0
  260,20230823,  259,    0
  260,20230824,  251,    4
  260,20230825,  230,   27
  260,20230826,  202,   44
  260,20230827,  182,    6
  260,20230828,  216,    0
  260,20230829,  196,   18
  260,20230830,  193,   74
  260,20230831,  198,   94
  260,20230901,  206,   49
  260,20230902,  226,    0
  260,20230903,  234,    0
  260,20230904,  252,    0
  260,20230905,  288,    0
  260,20230906,  296,    0
  260,20230907,  293,    0
  260,20230908,  300,    0
  260,20230909,  295,    0
  260,20230910,  311,    0
  260,20230911,  279,   11
  260,20230912,  243,   -1
  260,20230913,  202,    2
  260,20230914,  209,    0
  260,20230915,  220,    0
  260,20230916,  248,   -1
  260,20230917,  193,  191
  260,20230918,  222,   35
  260,20230919,  189,    3
  260,20230920,  218,    0
  260,20230921,  194,  119
  260,20230922,  177,    8
  260,20230923,  177,   65
  260,20230924,  197,    0
  260,20230925,  217,    0
  260,20230926,  215,    0
  260,20230927,  231,    0
  260,20230928,  195,    0
  260,20230929,  207,   42
  260,20230930,  195,    0
  260,20231001,  236,    0
  260,20231002,  236,    0
  260,20231003,  200,   48
  260,20231004,  177,   -1
  260,20231005,  188,   -1
  260,20231006,  198,    0
  260,20231007,  209,    0
  260,20231008,  176,   -1
  260,20231009,  202,   -1
  260,20231010,  227,    0
  260,20231011,  196,    2
  260,20231012,  173,  367
  260,20231013,  215,  367
  260,20231014,  141,   78
  260,20231015,  113,  111
  260,20231016,  131,    3
  260,20231017,  131,    0
  260,20231018,  136,  113
  260,20231019,  181,   21
  260,20231020,  146,  194
  260,20231021,  156,   44
  260,20231022,  157,   33
  260,20231023,  133,   36
  260,20231024,  134,   38
  260,20231025,  103,  157
  260,20231026,  108,    1
  260,20231027,  119,  110
  260,20231028,  148,   67
  260,20231029,  144,   56
  260,20231030,  136,  168
  260,20231031,  142,  185
  260,20231101,  154,    9
  260,20231102,  142,   91
  260,20231103,  122,   71
  260,20231104,  106,  107
  260,20231105,  122,   62
  260,20231106,  121,    9
  260,20231107,  125,   20
  260,20231108,  106,  204
  260,20231109,  115,   37
  260,20231110,   86,   45
  260,20231111,  102,   61
  260,20231112,   84,    1
  260,20231113,  153,   69
  260,20231114,  135,  132
  260,20231115,  136,   37
  260,20231116,  102,   37
  260,20231117,  103,    0
  260,20231118,  138,  128
  260,20231119,  139,   61
  260,20231120,  123,   83
  260,20231121,  105,    2
  260,20231122,   89,    2
  260,20231123,  133,   10
  260,20231124,   89,   49
  260,20231125,   84,   19
  260,20231126,   74,   15
  260,20231127,   56,  163
  260,20231128,   45,   49
  260,20231129,   46,   18
  260,20231130,    9,    0
  260,20231201,    8,    0
  260,20231202,   26,   -1
  260,20231203,   25,   22
  260,20231204,   26,   34
  260,20231205,   24,   26
  260,20231206,   66,    2
  260,20231207,   26,   -1
  260,20231208,   85,    6
  260,20231209,  111,   77
  260,20231210,  112,   90
  260,20231211,  105,   54
  260,20231212,  106,  110
  260,20231213,   99,   21
  260,20231214,   71,   -1
  260,20231215,  102,   -1
  260,20231216,  105,   -1
  260,20231217,  103,    0
  260,20231218,   92,    0
  260,20231219,   89,  124
  260,20231220,  105,   19
  260,20231221,  122,   89
  260,20231222,  109,   96
  260,20231223,  112,   35
  260,20231224,  129,  189
  260,20231225,  125,  171
  260,20231226,  113,   23
  260,20231227,  107,   34
  260,20231228,  115,    8
  260,20231229,  114,   38
  260,20231230,   97,   -1
  260,20231231,   95,   28
  